0 0.1375 0.5421875 0.275 0.15078125
0 0.44609375 0.52734375 0.25 0.1375
0 0.14765625 0.25234375 0.24375 0.11640625
0 0.4234375 0.23984375 0.24296875 0.1203125
0 0.15 0.71953125 0.29921875 0.17890625
0 0.74921875 0.36796875 0.26171875 0.12578125
0 0.709375 0.22890625 0.2390625 0.121875
0 0.43671875 0.38203125 0.240625 0.11640625
0 0.1484375 0.39140625 0.2578125 0.13203125
0 0.7609375 0.509375 0.26953125 0.14296875
0 0.46328125 0.7015625 0.29765625 0.18671875
0 0.79765625 0.68046875 0.2921875 0.1859375