0 0.190625 0.69296875 0.34140625 0.18203125
0 0.4859375 0.1921875 0.253125 0.13203125
0 0.19375 0.503125 0.290625 0.16015625
0 0.20234375 0.20859375 0.2640625 0.13203125
0 0.790625 0.17421875 0.2453125 0.1375
0 0.56796875 0.67578125 0.3453125 0.19453125
0 0.8890625 0.63984375 0.221875 0.18515625
0 0.5328125 0.48203125 0.29453125 0.1640625
0 0.8671875 0.45859375 0.265625 0.15234375
0 0.515625 0.32890625 0.28359375 0.15625
0 0.853125 0.30859375 0.2921875 0.15703125
0 0.19921875 0.3453125 0.2984375 0.15078125