0 0.12890625 0.63125 0.2578125 0.146875
0 0.16875 0.4703125 0.26328125 0.13984375
0 0.45390625 0.47890625 0.2359375 0.13046875
0 0.24765625 0.19765625 0.225 0.12578125
0 0.21796875 0.33203125 0.2421875 0.1265625
0 0.428125 0.64375 0.2703125 0.15
0 0.51484375 0.2078125 0.24609375 0.1296875
0 0.78515625 0.2140625 0.23671875 0.128125
0 0.49140625 0.3359375 0.25546875 0.13671875
0 0.78984375 0.34453125 0.2640625 0.13984375
0 0.76328125 0.48359375 0.2796875 0.13984375
0 0.753125 0.64609375 0.28359375 0.1734375