0 0.63125 0.77421875 0.21796875 0.14609375
0 0.39453125 0.2359375 0.23984375 0.13828125
0 0.80078125 0.3625 0.1984375 0.1125
0 0.75078125 0.4828125 0.20546875 0.11640625
0 0.47421875 0.57578125 0.2265625 0.12890625
0 0.3234375 0.36796875 0.26328125 0.14921875
0 0.40703125 0.7453125 0.26328125 0.15859375
0 0.5578125 0.43671875 0.23125 0.13046875
0 0.1265625 0.70234375 0.253125 0.17109375
0 0.6125 0.29765625 0.21171875 0.13515625
0 0.20703125 0.51796875 0.28359375 0.16640625
0 0.69921875 0.6125 0.21328125 0.140625