0 0.70234375 0.6265625 0.2640625 0.15703125
0 0.38984375 0.61953125 0.28203125 0.15546875
0 0.209375 0.32578125 0.21875 0.11796875
0 0.11171875 0.6046875 0.2234375 0.14375
0 0.265625 0.2078125 0.2265625 0.11640625
0 0.15546875 0.453125 0.2703125 0.13671875
0 0.42578125 0.4671875 0.23671875 0.12578125
0 0.51015625 0.22265625 0.23046875 0.12109375
0 0.7765625 0.2265625 0.2328125 0.121875
0 0.4796875 0.33984375 0.24296875 0.12265625
0 0.7640625 0.3484375 0.25 0.134375
0 0.7234375 0.48046875 0.2609375 0.13984375