0 0.49609375 0.22421875 0.22578125 0.12109375
0 0.24921875 0.225 0.2234375 0.11875
0 0.20546875 0.48984375 0.2390625 0.13046875
0 0.46796875 0.64765625 0.24921875 0.1453125
0 0.2265625 0.3515625 0.225 0.11796875
0 0.4734375 0.48671875 0.228125 0.11953125
0 0.17421875 0.64765625 0.26953125 0.14609375
0 0.76875 0.21953125 0.2296875 0.11953125
0 0.49609375 0.35078125 0.228125 0.11953125
0 0.76875 0.48828125 0.24296875 0.11640625
0 0.778125 0.353125 0.24765625 0.13203125
0 0.7703125 0.63984375 0.27578125 0.15390625