0 0.34765625 0.58359375 0.2703125 0.15078125
0 0.13359375 0.42421875 0.24375 0.1296875
0 0.1984375 0.3 0.221875 0.12421875
0 0.09609375 0.5671875 0.190625 0.1390625
0 0.26171875 0.19453125 0.21640625 0.10390625
0 0.65546875 0.5953125 0.25390625 0.15078125
0 0.6796875 0.4546875 0.240625 0.11640625
0 0.39921875 0.44296875 0.2390625 0.12421875
0 0.5 0.21171875 0.21015625 0.11015625
0 0.75390625 0.21953125 0.2171875 0.11484375
0 0.4609375 0.32109375 0.24296875 0.12734375
0 0.734375 0.3328125 0.246875 0.13359375